DirtyClean4
1 21 10
326134 317605 323842 323723 325911 332235 336311 316246 326199 317913 
330400 315368 328220 324665 332276 328339 328418 309412 329950 340576 
327056 327568 336444 327129 338414 318388 316882 319842 326070 322171 
317160 324044 341176 315453 320569 322912 323663 321135 316460 323666 
331537 324003 315741 327436 331739 327063 324264 326761 331717 327325 
332958 330473 322987 323697 312275 319576 335039 322075 340439 325420 
324145 329896 322201 329117 335981 338833 336597 331086 349193 343240 
317052 322292 324661 337113 333001 340960 331409 316143 325145 322269 
324570 312983 328524 323062 322146 325167 312509 329984 326868 334717 
323558 321547 332875 331175 328898 336243 318723 316247 332384 340958 
327774 336315 331359 309672 324670 326573 336579 307358 331671 313866 
315576 349844 328708 313934 315510 322892 327555 339683 319855 338830 
334922 327966 333693 324546 311841 318660 318561 337081 345516 333779 
323551 336795 322102 335521 312161 338932 323672 335960 315228 333651 
318958 328762 335720 323564 331153 306382 338486 327794 329965 322973 
320531 310689 320288 311793 318985 322886 326296 318087 316495 314719 
312941 335826 328800 311773 329606 293105 332972 315789 327193 307387 
318742 320438 311276 320450 307093 313553 314095 318174 320280 321517 
313971 313788 294395 323327 300821 310648 305916 312989 302452 298136 
290244 305878 313993 302541 295275 299719 290437 294809 295209 312106 
246647 248497 253306 256528 249866 253905 259271 254213 251539 247537 
