DirtyClean4
1 21 10
326134 317605 323842 323723 325911 332235 336311 316246 326199 317913 
333787 308482 321155 320849 308739 327087 328519 322838 312888 329855 
321197 306644 308996 313160 324658 328466 309505 329204 305639 331448 
325405 313862 310378 323547 293672 314429 306889 307695 313125 314916 
329422 341306 314691 297311 298370 312851 314374 306505 302472 301123 
315750 322243 323300 289754 299978 282834 305283 303468 297934 305735 
306537 316476 321433 293860 304449 304813 308633 274146 306138 310304 
287915 288804 311416 300979 301918 275643 272667 312941 293705 298006 
289916 288707 299360 300263 299313 306923 278520 307376 293785 269021 
279967 303700 305940 265801 273603 304230 291010 288686 308729 272425 
301138 294637 298869 305509 315564 288957 290891 272638 275873 300981 
270349 304886 289912 315141 258368 295483 293233 270733 256470 300704 
279337 271913 299437 288790 282081 261199 270114 278388 260236 263521 
260221 256456 265033 281644 261751 265752 274962 273388 262531 285425 
272605 259562 251642 256352 256333 264870 261607 266701 268403 269501 
266977 254434 252258 257614 271504 267601 268305 254822 249819 259265 
267027 247545 260859 265811 247177 249228 254836 250340 250203 257450 
251758 267235 257962 261672 268751 243436 259938 250394 250433 253707 
254812 259166 251089 256970 254788 247445 244928 249651 260576 253095 
256879 250728 246413 245269 250289 256870 247127 242494 265890 248838 
246772 256138 252858 252388 236655 253606 251134 255489 247136 253303 
